1
244667
10149339
86348
244690
244569
244719
244791
7406
244771
10149664
244728
85695
244703
244764
196906
244790
244720
244721
10149050
244666
244797
244425
244750
10149549
244782
244811
156080
244704
244551
244465
244748
169203
244503
244560
232796
243618
168141
244670
244702
244749
10148922
10149011
232218
240107
243967
212610
234237
238892
244729
244747
10149034
85736
86264
171274
227452
243914
244040
244732
244793
10149022
10149578
109223
160076
168023
170394
202485
229515
238500
243479
243614
244141
244552
244566
10145016
10149155
85812
164925
188000
198138
200309
203124
204658
205039
208815
215991
222016
228092
229422
229504
240777
243495
244457
10058083
10101825
10148883
10148887
10148989
85584
150070
169188
169968
203270
224611
228718
233166
233474
234710
239228
242254
243124
243700
244026
244529
244574
10004312
10149480
35600
86182
109381
111721
148788
163502
196911
203831
204155
204524
204898
207296
210931
218630
219019
219952
220629
221421
221556
222981
223004
225287
227538
227573
231610
232459
232485
232784
233307
233769
234482
234501
236267
238961
239253
239279
239447
243747
244069
244474
244477
244511
244568
244617
244688
244698
244718
244768
244803
10000194
10001945
10003905
10007422
10011725
10017356
10026940
10027502
10035869
10050371
10059640
10069932
10072099
10090557
10127226
10133305
10136102
10140868
10142726
10148711
10149006
10149041
10149122
10149338
10149352
10149395
10149651
33778
34853
40646
45878
67810
85749
85782
86014
86108
86265
87478
87766
88559
88811
88850
88857
92239
99530
109411
134421
154274
156008
156035
156144
156547
159330
159409
163002
163112
170211
170240
176401
179222
179374
179584
187919
189222
197967
198275
198398
200667
200821
202539
202711
203904
204834
204922
205027
205261
205375
206310
210450
210755
211142
211199
211955
212586
213091
214789
216244
216626
217617
218533
218553
218691
218738
218740
219056
219108
219169
219181
219198
219425
219511
219856
219958
222777
222987
223470
223631
223677
223705
224028
224338
224480
225894
226404
226783
226839
227440
227699
227780
228010
229855
231264
231612
231648
231940
232194
232552
235246
235552
235768
236508
236739
236776
238339
238736
238825
238925
239101
239159
239175
239558
240073
240119
243357
243364
243418
243515
243550
243572
243603
243649
243664
243926
243953
244186
244190
244471
244486
244513
244530
244538
244567
244591
244621
244656
244668
244669
244697
244699
244727
244742
244770
244776
244779
10000197
10001040
10003200
10004022
10004424
10004738
10005983
10006845
10009166
10011886
10014295
10019493
10020010
10023625
10023884
10034113
10034662
10034816
10039361
10039774
10040809
10040895
10042958
10042983
10044471
10045217
10045636
10046136
10050353
10050588
10052464
10053741
10054702
10057912
10059750
10061040
10063292
10072383
10074612
10081158
10081381
10083462
10085141
10085448
10094481
10096996
10115468
10118291
10124962
10127009
10128205
10134878
10134979
10140931
10145556
10146702
10146989
10148115
10148395
10148444
10148555
10148822
10148971
10148976
10148981
10149066
10149073
10149097
10149167
10149323
10149335
10149423
10149581
7312
7748
10988
12893
27932
27933
28941
33995
38383
40748
41307
67846
84504
84741
84746
85608
85609
85753
85776
85958
85973
86016
86059
86139
86318
86338
86353
86358
86380
86388
86409
86434
86485
86767
87573
87628
87760
87926
88310
88531
88613
88645
88703
88714
88831
90444
90449
90487
94629
101678
106490
108939
109113
109186
109248
109382
109971
109986
110392
111502
112713
117094
120017
121541
127320
133532
135975
137847
149470
149506
149611
149616
150806
151979
153916
154749
154770
156042
156234
156320
156595
156989
158251
158413
158636
159852
159870
160726
161117
161543
162530
163004
163090
164098
164121
164469
167772
167923
167952
168214
168377
168380
168585
168813
168860
169099
169185
169193
169246
169261
170132
170727
171938
172116
172138
172548
172890
175693
177857
178029
178370
178502
178753
181681
182640
183906
184427
186176
188547
188592
188749
189014
191140
191158
196412
196813
196815
196904
196962
196990
197145
197224
197281
197288
197295
197304
197353
197653
197701
197938
197942
198158
198340
198346
198449
198512
198560
198753
198767
199182
199940
200031
200182
200390
200430
200434
200505
200565
200732
201033
201297
201356
201392
201429
201440
201462
201532
201746
202252
202321
202389
202453
202477
202508
202619
202906
203126
203165
203277
203284
203299
203337
203464
203575
203735
203739
203827
203901
203919
204036
204279
204280
204340
204348
204480
204533
204556
204865
204918
204984
205021
205024
205046
205049
205091
205267
205408
205442
205558
205610
205627
205731
206150
206460
208215
208980
209150
209863
210114
210752
210766
211068
211131
211181
211534
212134
212467
212609
213370
213396
213444
213746
213899
214676
214994
215085
215263
215310
215399
215410
215768
215818
217402
217414
217562
217628
217742
218522
218534
218547
218559
218563
218568
218571
218573
218576
218579
218629
218639
218656
218662
218668
218723
218732
218778
218823
218997
219012
219078
219101
219130
219141
219200
219220
219230
219414
219439
220409
220711
220715
221258
221528
221554
221555
221563
221593
221639
221733
221891
222678
222983
222992
222996
222998
223038
223175
223223
223768
224419
224544
224598
224768
224945
224955
225220
225246
225438
225782
226206
226309
226375
226412
226417
226473
226529
226537
226562
226624
226634
226690
226722
226734
226750
226756
226863
226986
227095
227545
227563
227777
227903
228145
228476
228530
229092
229151
229259
229321
229391
229414
229457
229476
229527
229582
229588
229606
229626
229702
229841
229848
230027
230149
230186
230298
230667
230958
231165
231174
231623
231629
231777
231924
231982
232051
232134
232141
232172
232283
232491
232587
232660
232788
232930
232960
233113
233141
233756
233903
233919
234220
234335
234338
234404
234442
234466
234688
235045
235471
235878
236127
236292
236320
236414
236752
236805
236864
237476
237601
237606
237789
237943
238169
238282
238553
238719
238734
238750
238811
238855
238856
238971
238976
239064
239119
239136
239312
239351
239382
239450
239525
239576
239678
239922
240790
241039
241054
241105
241227
241415
242011
242149
242188
242309
242311
242577
242588
242615
242767
242876
243054
243355
243445
243474
243477
243498
243516
243518
243540
243609
243639
243661
243685
243704
243725
243755
243779
243780
243824
243829
243837
243869
243885
243921
243950
243968
243971
243989
244034
244059
244070
244096
244139
244142
244163
244179
244181
244202
244240
244257
244296
244376
244402
244404
244418
244453
244458
244473
244497
244506
244508
244524
244527
244547
244553
244555
244558
244559
244562
244563
244579
244582
244614
244626
244636
244645
244661
244674
244675
244705
244709
244711
244713
244769
244789
244796
244800
244804
10000087
10000165
10000470
10000691
10000693
10000869
10000903
10001000
10001021
10001095
10001557
10001583
10001670
10001735
10001832
10001961
10002235
10002443
10002790
10002821
10002846
10003250
10003584
10003656
10003684
10003747
10003837
10003850
10003938
10003958
10004307
10004479
10004653
10004656
10004697
10004963
10004983
10005077
10005325
10005464
10005859
10006276
10006345
10006664
10007151
10007261
10007522
10007565
10007572
10007657
10007692
10007726
10007919
10007920
10008493
10008576
10008693
10008908
10008933
10009314
10009399
10009620
10009642
10009740
10009768
10010220
10010410
10010445
10010454
10010646
10010668
10010885
10010886
10011238
10011395
10012317
10012621
10012791
10012915
10013202
10013278
10013481
10014056
10014355
10014428
10014489
10014545
10014658
10014832
10015335
10015378
10015461
10015513
10015586
10015731
10016004
10016134
10016338
10016544
10016635
10016806
10016848
10017211
10017434
10017462
10017662
10017713
10018258
10018379
10018388
10018457
10018516
10018648
10019440
10019803
10020074
10020082
10020213
10020329
10020608
10021041
10021648
10022002
10022290
10022296
10022479
10023365
10023501
10023545
10024211
10024222
10024416
10024569
10024858
10025711
10025750
10026057
10026106
10026420
10026557
10026582
10026601
10026737
10026749
10027209
10027635
10027835
10028080
10028182
10028560
10028642
10029094
10029119
10029230
10029249
10029358
10029508
10029528
10029594
10029868
10029891
10030167
10030224
10030600
10030905
10031293
10031305
10031325
10031328
10032166
10032206
10032878
10032970
10033387
10033638
10033789
10034025
10034446
10034466
10034785
10034810
10034946
10035543
10035562
10035626
10035710
10035839
10035850
10035873
10035894
10035925
10036199
10036418
10037385
10037402
10037530
10037657
10037766
10038197
10038230
10038344
10038389
10038721
10039041
10039360
10039380
10039449
10039598
10039636
10039694
10039824
10040208
10040301
10040305
10040417
10040450
10040486
10040658
10040932
10041002
10041239
10041328
10041400
10041505
10041612
10042699
10043104
10043233
10043246
10044115
10044524
10045447
10045502
10045925
10045981
10046655
10046885
10046891
10046995
10047059
10047396
10047870
10048245
10048248
10048256
10048628
10048655
10049624
10049797
10049810
10049965
10050015
10050271
10050326
10050368
10050453
10050530
10050555
10050572
10050612
10050730
10051597
10051997
10052321
10052323
10052460
10052461
10052621
10052635
10052636
10052685
10052841
10053095
10053160
10053254
10053359
10053515
10053847
10053850
10053915
10053929
10054015
10054021
10054533
10054762
10054954
10055164
10055291
10055323
10055482
10055766
10056191
10056194
10056230
10056424
10056460
10057451
10058849
10058904
10059274
10059690
10059828
10060117
10061033
10061104
10061275
10065779
10069286
10069287
10069799
10069823
10069867
10070153
10070528
10070744
10071047
10071048
10071060
10071066
10071179
10071870
10071933
10071968
10071976
10072458
10072539
10072556
10072576
10072706
10072878
10073026
10073033
10073074
10073414
10073537
10073906
10074407
10074581
10075034
10075315
10075382
10076221
10077149
10077194
10077454
10077614
10077913
10078979
10079164
10079188
10079191
10080750
10081533
10083160
10083173
10084283
10084361
10084510
10085756
10088406
10090673
10090759
10092583
10093592
10094605
10095627
10096953
10103557
10113781
10114363
10115238
10115278
10115321
10115465
10115513
10116094
10116495
10116773
10116798
10116907
10117226
10117351
10117469
10117742
10117745
10117978
10118038
10118506
10118526
10118551
10118724
10118796
10118853
10119479
10119738
10120152
10120187
10120338
10120343
10120584
10121822
10121954
10122914
10122985
10122988
10123780
10124000
10124134
10124203
10124297
10124577
10124899
10125852
10126033
10126071
10126147
10126358
10126642
10126674
10126754
10126957
10127186
10127196
10127205
10127207
10127334
10127365
10127411
10127444
10127483
10127584
10127594
10127635
10127655
10127739
10127798
10128211
10129703
10130027
10131829
10132881
10133213
10133473
10133755
10133825
10133837
10133853
10134044
10134066
10134567
10134577
10134602
10134681
10134739
10134806
10134881
10134883
10134917
10134968
10135064
10135112
10135138
10135236
10135368
10135465
10135480
10135571
10135645
10135676
10135828
10135855
10135916
10136315
10136518
10136585
10137375
10137377
10137810
10137989
10138055
10138128
10138142
10138240
10138661
10138685
10139719
10139722
10139732
10140516
10140971
10141124
10141155
10141259
10141494
10142017
10142158
10142299
10142925
10143268
10143301
10143416
10143602
10143611
10144004
10144052
10144099
10144131
10144400
10144413
10144444
10144466
10144640
10144741
10144763
10144827
10145237
10145303
10145334
10145409
10145484
10145766
10145900
10146070
10146758
10146800
10146825
10146832
10147008
10147018
10147159
10147173
10147225
10147273
10147438
10147474
10147507
10147549
10147668
10147769
10147897
10147900
10147926
10147992
10148165
10148169
10148171
10148281
10148368
10148401
10148469
10148546
10148550
10148599
10148601
10148618
10148626
10148640
10148662
10148683
10148737
10148775
10148777
10148787
10148794
10148820
10148869
10148890
10148896
10148915
10148942
10148947
10148948
10149007
10149048
10149064
10149076
10149079
10149083
10149095
10149099
10149112
10149135
10149160
10149175
10149193
10149198
10149224
10149310
10149313
10149326
10149336
10149346
10149348
10149428
10149464
10149471
10149478
10149496
10149511
10149567
10149576
10149579
10149583
10149636
10149638
10149662
27496
27940
85879
86329
86447
86475
109330
156526
156832
162834
167761
169180
169786
181582
196808
197155
198147
198429
202188
202665
203039
203580
203619
204721
204961
214467
221287
232914
233925
235043
235723
238423
242258
243773
244036
244478
244484
244485
10000874
10004399
10013646
10024681
10040076
10050747
10073233
10092562
10102709
10103438
10103876
10124131
10129789
10142468
10145201
10148339
10149454
10149520